* Preferences for SVM Model.
SVMM_DIM = 1

SVMM_NR_CLASS = 2

SVMM_L = 11

SVMM_SV = 1&0.14769440229104575;1&0.09976148598790835;1&0.14023761057443196;1&0.16091225715508958;1&0.0;1&0.16235717409233524;1&0.13657330951392233;1&0.07714043733423537;1&0.1079810789436864;1&0.12621436564104238;1&0.14698827873149414

SVMM_SV_COEF = 1.0,1.0,1.0,1.0,1.0,0.08500000000000085,1.0,1.0,1.0,1.0,1.0

SVMM_RHO = 0.1878965389542282

SVMM_PROBA = 

SVMM_PROBB = 

SVMM_SV_INDICES = 323,361,387,419,1089,1417,1584,1637,1683,1704,1873

SVMM_LABEL = 

SVMM_NSV = 

MINSCORE = -9694.070470164768

MAXSCORE = 1878.9653895422819
