* Preferences for SVM Model.
SVMM_DIM = 1

SVMM_NR_CLASS = 2

SVMM_L = 11

SVMM_SV = 1&0.456195068082547;1&0.42856088318329866;1&0.21945132993495758;1&0.4389130456217154;1&0.46005232315463923;1&0.0;1&0.4623767595797057;1&0.3852583455760313;1&0.44773074609794816;1&0.44905624410460687;1&0.3817267955683077

SVMM_SV_COEF = 1.0,1.0,1.0,1.0,1.0,1.0,0.08500000000000085,1.0,1.0,1.0,1.0

SVMM_RHO = 1.7136823946237567

SVMM_PROBA = 

SVMM_PROBB = 

SVMM_SV_INDICES = 96,386,412,418,620,993,1494,1575,1682,1877,2002

SVMM_LABEL = 

SVMM_NSV = 

MINSCORE = -19925.644112645707

MAXSCORE = 17136.823946237568
