* Preferences for SVM Model.
SVMM_DIM = 1

SVMM_NR_CLASS = 2

SVMM_L = 11

SVMM_SV = 1&0.4427641569326006;1&0.33154348993881666;1&0.46120752803945875;1&0.44250137784609517;1&0.4524800066973785;1&0.4701559698524949;1&0.0;1&0.39584297438020183;1&0.4620702806155077;1&0.45785651331685345;1&0.4112888035179841

SVMM_SV_COEF = 1.0,1.0,1.0,1.0,1.0,0.08500000000000085,1.0,1.0,1.0,1.0,1.0

SVMM_RHO = 1.832441539540887

SVMM_PROBA = 

SVMM_PROBB = 

SVMM_SV_INDICES = 387,413,414,419,621,837,994,1576,1683,1878,2003

SVMM_LABEL = 

SVMM_NSV = 

MINSCORE = -20650.76849181472

MAXSCORE = 18324.41539540887
