* Preferences for SVM Model.
SVMM_DIM = 1

SVMM_NR_CLASS = 2

SVMM_L = 11

SVMM_SV = 1&0.003931912224535138;1&4.179809077362351E-5;1&0.0;1&0.0;1&4.179809077362351E-5;1&4.179809077362351E-5;1&4.179809077362351E-5;1&0.0;1&8.280753832510319E-6;1&0.0;1&0.0

SVMM_SV_COEF = 1.0,1.0,1.0,1.0,1.0,1.0,1.0,1.0,1.0,1.0,0.08500000000000085

SVMM_RHO = 0.0

SVMM_PROBA = 

SVMM_PROBB = 

SVMM_SV_INDICES = 1,2,3,4,5,6,7,8,9,10,11

SVMM_LABEL = 

SVMM_NSV = 

MINSCORE = -41.07385341462144

MAXSCORE = -0.0
