* Preferences for SVM Model.
SVMM_DIM = 1

SVMM_NR_CLASS = 2

SVMM_L = 11

SVMM_SV = 1&0.4285731751806825;1&0.2703793757374377;1&0.4492571229495535;1&0.4389891639798464;1&0.4600468016157075;1&0.0;1&0.4628435925498664;1&0.38534445529032446;1&0.4478495906501941;1&0.4494752237373588;1&0.40104389952113795

SVMM_SV_COEF = 1.0,1.0,1.0,1.0,1.0,1.0,0.08500000000000085,1.0,1.0,1.0,1.0

SVMM_RHO = 1.7450594465434555

SVMM_PROBA = 

SVMM_PROBB = 

SVMM_SV_INDICES = 387,413,414,419,621,994,1495,1576,1683,1878,2003

SVMM_LABEL = 

SVMM_NSV = 

MINSCORE = -20252.410674855266

MAXSCORE = 17450.594465434555
