* Preferences for SVM Model.
SVMM_DIM = 1

SVMM_NR_CLASS = 2

SVMM_L = 11

SVMM_SV = 1&0.44248417830918785;1&0.330222771250386;1&0.46096778505547387;1&0.44233667820547684;1&0.4522744976930062;1&0.47014966651148427;1&0.0;1&0.3954132077124117;1&0.46180669189533025;1&0.45766055616757856;1&0.4109076326694292

SVMM_SV_COEF = 1.0,1.0,1.0,1.0,1.0,0.08500000000000085,1.0,1.0,1.0,1.0,1.0

SVMM_RHO = 1.830780047699809

SVMM_PROBA = 

SVMM_PROBB = 

SVMM_SV_INDICES = 387,413,414,419,621,837,994,1576,1683,1878,2003

SVMM_LABEL = 

SVMM_NSV = 

MINSCORE = -20632.566729119473

MAXSCORE = 18307.80047699809
