* Preferences for SVM Model.
SVMM_DIM = 1

SVMM_NR_CLASS = 2

SVMM_L = 11

SVMM_SV = 1&0.027657527657527617;1&0.06349206349206349;1&0.06349206349206349;1&0.03756613756613754;1&0.06349206349206349;1&0.03205726735138502;1&0.056878306878306875;1&0.06349206349206349;1&0.0;1&0.06349206349206349;1&0.0390946502057613

SVMM_SV_COEF = 1.0,0.08500000000000085,1.0,1.0,1.0,1.0,1.0,1.0,1.0,1.0,1.0

SVMM_RHO = 0.02873771313810724

SVMM_PROBA = 

SVMM_PROBB = 

SVMM_SV_INDICES = 107,253,479,488,495,752,780,786,789,1028,1531

SVMM_LABEL = 

SVMM_NSV = 

MINSCORE = -4238.812558860905

MAXSCORE = 287.3771313810724
