* Preferences for SVM Model.
SVMM_DIM = 1

SVMM_NR_CLASS = 2

SVMM_L = 11

SVMM_SV = 1&0.4285688093253946;1&0.27035730824985615;1&0.4492533332229307;1&0.43898536304294355;1&0.4600390128716979;1&0.0;1&0.46284028242306696;1&0.3853348771300889;1&0.44784569970918764;1&0.4494717727093771;1&0.40103564237145106

SVMM_SV_COEF = 1.0,1.0,1.0,1.0,1.0,1.0,0.08500000000000085,1.0,1.0,1.0,1.0

SVMM_RHO = 1.7450157934427262

SVMM_PROBA = 

SVMM_PROBB = 

SVMM_SV_INDICES = 387,413,414,419,621,994,1495,1576,1683,1878,2003

SVMM_LABEL = 

SVMM_NSV = 

MINSCORE = -20252.17449196163

MAXSCORE = 17450.15793442726
