* Preferences for SVM Model.
SVMM_DIM = 1

SVMM_NR_CLASS = 2

SVMM_L = 11

SVMM_SV = 1&0.005499010919265995;1&0.0010516221387307338;1&0.0014731975335523055;1&0.0014731975335523055;1&0.0010516221387307338;1&0.0010516221387307338;1&0.0010516221387307338;1&0.0030112528201540834;1&6.161486539699893E-4;1&0.0014731975335523055;1&0.0014731975335523055

SVMM_SV_COEF = 1.0,1.0,1.0,1.0,1.0,1.0,1.0,1.0,1.0,1.0,0.08500000000000085

SVMM_RHO = 2.6337406317225032E-5

SVMM_PROBA = 

SVMM_PROBB = 

SVMM_SV_INDICES = 1,2,3,4,5,6,7,8,9,10,11

SVMM_LABEL = 

SVMM_NSV = 

MINSCORE = -178.51377933004642

MAXSCORE = 0.2633740631722503
