* Preferences for SVM Model.
SVMM_DIM = 1

SVMM_NR_CLASS = 2

SVMM_L = 12

SVMM_SV = 1&0.0;1&0.5;1&-2.0;1&0.0;1&0.8999999999999999;1&0.0;1&0.8999999999999999;1&-1.1;1&-0.6000000000000001;1&-0.5;1&0.0;1&2.5714285714285716

SVMM_SV_COEF = 1.0,1.0,0.5843749992462108,1.0,1.0,1.0,1.0,1.0,1.0,1.0,0.08500000000000085,0.41562500075378916

SVMM_RHO = 1.670526607414994E-7

SVMM_PROBA = 

SVMM_PROBB = 

SVMM_SV_INDICES = 1,2,3,4,5,6,7,8,9,10,11,612

SVMM_LABEL = 

SVMM_NSV = 

MINSCORE = 0.001581917931462821

MAXSCORE = 0.0017503262365418473
