* Preferences for SVM Model.
SVMM_DIM = 1

SVMM_NR_CLASS = 2

SVMM_L = 11

SVMM_SV = 1&0.003932746461244353;1&4.270725073190372E-5;1&5.256277013157381E-7;1&5.256277013157381E-7;1&4.270725073190372E-5;1&4.270725073190372E-5;1&4.270725073190372E-5;1&2.6281385065786905E-7;1&8.935670922367549E-6;1&5.256277013157381E-7;1&5.256277013157381E-7

SVMM_SV_COEF = 1.0,1.0,1.0,1.0,1.0,1.0,1.0,1.0,1.0,1.0,0.08500000000000085

SVMM_RHO = 2.1626402170896804E-9

SVMM_PROBA = 

SVMM_PROBB = 

SVMM_SV_INDICES = 1,2,3,4,5,6,7,8,9,10,11

SVMM_LABEL = 

SVMM_NSV = 

MINSCORE = -41.14393347763333

MAXSCORE = 2.1626402170896804E-5
