* Preferences for SVM Model.
SVMM_DIM = 1

SVMM_NR_CLASS = 2

SVMM_L = 11

SVMM_SV = 1&0.005459362416261462;1&0.0010193258674600879;1&0.0014233829680748975;1&0.0014233829680748975;1&0.0010193258674600879;1&0.0010193258674600879;1&0.0010193258674600879;1&0.0029385970953804334;1&5.785363031530228E-4;1&0.0014233829680748975;1&0.0014233829680748975

SVMM_SV_COEF = 1.0,1.0,1.0,1.0,1.0,1.0,1.0,1.0,1.0,1.0,0.08500000000000085

SVMM_RHO = 2.483082436356199E-5

SVMM_PROBA = 

SVMM_PROBB = 

SVMM_SV_INDICES = 1,2,3,4,5,6,7,8,9,10,11

SVMM_LABEL = 

SVMM_NSV = 

MINSCORE = -174.20104916782765

MAXSCORE = 0.24830824363561987
