* Preferences for SVM Model.
SVMM_DIM = 1

SVMM_NR_CLASS = 2

SVMM_L = 11

SVMM_SV = 1&0.411446249033256;1&0.18381026037638568;1&0.434390306780098;1&0.4240783707141016;1&0.4294921371487497;1&0.0;1&0.44985821087909256;1&0.3477700438257283;1&0.4325857179685486;1&0.4359370971899974;1&0.368651714359371

SVMM_SV_COEF = 1.0,1.0,1.0,1.0,1.0,1.0,0.08500000000000085,1.0,1.0,1.0,1.0

SVMM_RHO = 1.577382766529918

SVMM_PROBA = 

SVMM_PROBB = 

SVMM_SV_INDICES = 387,413,414,419,621,994,1495,1576,1683,1878,2003

SVMM_LABEL = 

SVMM_NSV = 

MINSCORE = -19290.170787910414

MAXSCORE = 15773.827665299179
