* Preferences for SVM Model.
SVMM_DIM = 1

SVMM_NR_CLASS = 2

SVMM_L = 11

SVMM_SV = 1&0.4561918098467184;1&0.428556586177236;1&0.21942588135962676;1&0.4389094612358299;1&0.460044467287274;1&0.0;1&0.46237350273828093;1&0.385248460786925;1&0.4477268197359682;1&0.4490529655953209;1&0.3817178110129119

SVMM_SV_COEF = 1.0,1.0,1.0,1.0,1.0,1.0,0.08500000000000085,1.0,1.0,1.0,1.0

SVMM_RHO = 1.7136375917494298

SVMM_PROBA = 

SVMM_PROBB = 

SVMM_SV_INDICES = 96,386,412,418,620,993,1494,1575,1682,1877,2002

SVMM_LABEL = 

SVMM_NSV = 

MINSCORE = -19925.38419021136

MAXSCORE = 17136.375917494297
