* Preferences for SVM Model.
SVMM_DIM = 1

SVMM_NR_CLASS = 2

SVMM_L = 32

SVMM_SV = 1&0.00398406374501992;1&0.0049800796812749;1&0.0;1&0.0049800796812749;1&0.0;1&0.0069721115537848604;1&0.0;1&0.0099601593625498;1&0.0;1&0.0;1&0.0;1&0.0;1&0.0;1&9.9601593625498E-4;1&0.00199203187250996;1&0.0;1&0.0;1&0.0;1&9.9601593625498E-4;1&0.0;1&0.00199203187250996;1&0.0;1&0.0;1&0.00597609561752988;1&0.0;1&0.0049800796812749;1&0.008964143426294821;1&0.00199203187250996;1&0.00199203187250996;1&9.9601593625498E-4;1&0.0;1&0.0049800796812749

SVMM_SV_COEF = 1.0,1.0,1.0,1.0,1.0,1.0,1.0,0.46000000000000085,1.0,1.0,1.0,1.0,1.0,1.0,1.0,1.0,1.0,1.0,1.0,1.0,1.0,1.0,1.0,1.0,1.0,1.0,1.0,1.0,1.0,1.0,1.0,1.0

SVMM_RHO = 6.111013935878851E-4

SVMM_PROBA = 

SVMM_PROBB = 

SVMM_SV_INDICES = 418,637,667,837,1005,1279,1386,1743,1866,2090,2224,2430,2555,2714,2786,3483,3524,3539,3899,4358,4492,4588,4789,4840,4977,5049,5121,5331,5405,5447,5749,6258

SVMM_LABEL = 

SVMM_NSV = 

MINSCORE = -607.4348027971888

MAXSCORE = 6.111013935878851
