* Preferences for SVM Model.
SVMM_DIM = 1

SVMM_NR_CLASS = 2

SVMM_L = 13

SVMM_SV = 1&0.0;1&0.01133014143757051;1&0.0127069542789168;1&0.04591333848282583;1&0.07344554001184773;1&0.09700217603340819;1&0.1070554737626978;1&0.11062692311339417;1&0.11488657873631797;1&0.11878373927109163;1&0.14083219976211003;1&0.14764988157053163;1&0.18545725873203234

SVMM_SV_COEF = 1.0,1.0,1.0,1.0,1.0,1.0,1.0,1.0,1.0,1.0,1.0,1.0,0.7200000000000006

SVMM_RHO = 0.2065552792046219

SVMM_PROBA = 

SVMM_PROBB = 

SVMM_SV_INDICES = 1402,1431,1437,1520,1600,1667,1697,1708,1720,1730,1814,1838,1999

SVMM_LABEL = 

SVMM_NSV = 

MINSCORE = -9072.068935431538

MAXSCORE = 2065.552792046219
