* Preferences for SVM Model.
SVMM_DIM = 1

SVMM_NR_CLASS = 2

SVMM_L = 11

SVMM_SV = 1&0.18722107863318238;1&0.18046932894195142;1&0.0;1&0.26458624948538495;1&0.26458624948538495;1&0.26458624948538495;1&0.26458624948538495;1&0.26458624948538495;1&0.26458624948538495;1&0.26458624948538495;1&0.26458624948538495

SVMM_SV_COEF = 1.0,1.0,1.0,0.08500000000000085,1.0,1.0,1.0,1.0,1.0,1.0,1.0

SVMM_RHO = 0.5932775298878552

SVMM_PROBA = 

SVMM_PROBB = 

SVMM_SV_INDICES = 160,164,166,1335,1353,1398,1419,1742,1784,1896,1975

SVMM_LABEL = 

SVMM_NSV = 

MINSCORE = -16490.064552912314

MAXSCORE = 5932.775298878551
