* Preferences for SVM Model.
SVMM_DIM = 1

SVMM_NR_CLASS = 2

SVMM_L = 26

SVMM_SV = 1&0.010482559190312669;1&0.005602747153442979;1&0.005602747153442979;1&0.010482559190312669;1&0.010482559190312669;1&0.010482559190312669;1&0.010482559190312669;1&0.005602747153442979;1&0.005602747153442979;1&0.010482559190312669;1&0.005602747153442979;1&0.005602747153442979;1&0.010482559190312669;1&0.010482559190312669;1&0.005602747153442979;1&0.005602747153442979;1&0.010482559190312669;1&0.010482559190312669;1&0.010482559190312669;1&0.005602747153442979;1&0.005602747153442979;1&0.010482559190312669;1&0.010482559190312669;1&0.010482559190312669;1&0.010482559190312669;1&1.0

SVMM_SV_COEF = 1.0,1.0,1.0,1.0,1.0,1.0,1.0,1.0,1.0,1.0,1.0,1.0,1.0,1.0,1.0,1.0,1.0,1.0,1.0,1.0,1.0,1.0,1.0,1.0,0.4400000000000013,1.0

SVMM_RHO = 25.439902069568635

SVMM_PROBA = 

SVMM_PROBB = 

SVMM_SV_INDICES = 1,2,3,4,5,6,7,8,9,10,11,12,13,14,15,16,17,18,19,20,21,22,23,24,25,1308

SVMM_LABEL = 

SVMM_NSV = 

MINSCORE = -0.018091478963810914

MAXSCORE = 23.046624018654427
