* Preferences for SVM Model.
SVMM_DIM = 1

SVMM_NR_CLASS = 2

SVMM_L = 11

SVMM_SV = 1&0.001872396199035716;1&0.001872396199035716;1&0.001872396199035716;1&0.001872396199035716;1&0.001872396199035716;1&4.915040022468755E-4;1&0.0;1&5.851238121986612E-4;1&5.851238121986612E-4;1&5.851238121986612E-4;1&5.851238121986612E-4

SVMM_SV_COEF = 1.0,1.0,1.0,1.0,1.0,1.0,1.0,0.08500000000000085,1.0,1.0,1.0

SVMM_RHO = 6.8217196049147945E-6

SVMM_PROBA = 

SVMM_PROBB = 

SVMM_SV_INDICES = 1,2,5,6,7,167,714,1155,1156,1157,1460

SVMM_LABEL = 

SVMM_NSV = 

MINSCORE = -116.5177023845341

MAXSCORE = 0.06821719604914794
