* Preferences for SVM Model.
SVMM_DIM = 1

SVMM_NR_CLASS = 2

SVMM_L = 33

SVMM_SV = 1&0.94;1&0.0;1&0.0;1&0.0;1&0.0;1&0.0;1&0.0;1&0.0;1&0.0;1&0.0;1&0.0;1&0.0;1&0.0;1&0.0;1&0.0;1&0.0;1&0.0;1&0.0;1&0.0;1&0.0;1&0.0;1&0.0;1&0.0;1&0.0;1&0.0;1&0.0;1&0.0;1&0.0;1&0.0;1&0.0;1&0.0;1&0.0;1&0.0

SVMM_SV_COEF = 1.7873297841752844E-9,1.0,0.45999999821267107,1.0,1.0,1.0,1.0,1.0,1.0,1.0,1.0,1.0,1.0,1.0,1.0,1.0,1.0,1.0,1.0,1.0,1.0,1.0,1.0,1.0,1.0,1.0,1.0,1.0,1.0,1.0,1.0,1.0,1.0

SVMM_RHO = 7.896422959952076E-10

SVMM_PROBA = 

SVMM_PROBB = 

SVMM_SV_INDICES = 16,27,5809,5830,5841,5862,5868,5882,5907,5912,5916,5924,5944,5947,5959,5964,5987,6013,6027,6075,6109,6129,6132,6134,6138,6165,6172,6182,6186,6223,6255,6259,6261

SVMM_LABEL = 

SVMM_NSV = 

MINSCORE = -8.904477011295596E-6

MAXSCORE = 7.896422959952076E-6
