* Preferences for SVM Model.
SVMM_DIM = 1

SVMM_NR_CLASS = 2

SVMM_L = 33

SVMM_SV = 1&0.0;1&0.0;1&0.0;1&0.0;1&0.0;1&0.0;1&0.0;1&0.0;1&-0.010000000000000009;1&-0.39;1&0.4;1&0.0;1&0.0;1&0.8699999999999999;1&0.0;1&0.95;1&0.0;1&0.97;1&0.43000000000000005;1&1.0;1&0.0;1&-0.03;1&1.0;1&0.97;1&0.99;1&0.0;1&-1.0;1&-1.0;1&-1.0;1&-1.0;1&-1.0;1&-1.0;1&-1.0

SVMM_SV_COEF = 1.0,1.0,1.0,1.0,1.0,1.0,1.0,1.0,1.0,1.0,1.0,1.0,1.0,1.0,1.0,0.41025636279571287,1.0,1.0,1.0,1.0,1.0,1.0,1.0,1.0,1.0,0.46000000000000085,0.5897436372042871,1.0,1.0,1.0,1.0,1.0,1.0

SVMM_RHO = 3.556358689020082E-9

SVMM_PROBA = 

SVMM_PROBB = 

SVMM_SV_INDICES = 1,2,3,4,6,7,8,9,10,11,12,13,14,16,18,19,20,21,23,25,26,27,28,29,30,31,5924,5987,6027,6132,6172,6223,6261

SVMM_LABEL = 

SVMM_NSV = 

MINSCORE = -8.89920013976327E-4

MAXSCORE = 9.610471877567287E-4
