* Preferences for SVM Model.
SVMM_DIM = 1

SVMM_NR_CLASS = 2

SVMM_L = 32

SVMM_SV = 1&0.0;1&0.00392156862745098;1&0.00392156862745098;1&0.00392156862745098;1&0.00392156862745098;1&0.00392156862745098;1&0.00392156862745098;1&0.00392156862745098;1&0.00392156862745098;1&0.00392156862745098;1&0.00392156862745098;1&0.00392156862745098;1&0.00392156862745098;1&0.00392156862745098;1&0.00392156862745098;1&0.00392156862745098;1&0.00392156862745098;1&0.00392156862745098;1&0.00392156862745098;1&0.00392156862745098;1&0.00392156862745098;1&0.00392156862745098;1&0.00392156862745098;1&0.00392156862745098;1&0.00392156862745098;1&0.00392156862745098;1&0.00392156862745098;1&0.00392156862745098;1&0.00392156862745098;1&0.00392156862745098;1&0.00392156862745098;1&0.00392156862745098

SVMM_SV_COEF = 1.0,0.46000000000000085,1.0,1.0,1.0,1.0,1.0,1.0,1.0,1.0,1.0,1.0,1.0,1.0,1.0,1.0,1.0,1.0,1.0,1.0,1.0,1.0,1.0,1.0,1.0,1.0,1.0,1.0,1.0,1.0,1.0,1.0

SVMM_RHO = 4.684352166805213E-4

SVMM_PROBA = 

SVMM_PROBB = 

SVMM_SV_INDICES = 3120,5912,5916,5924,5933,5944,5947,5956,5959,5964,5987,5990,6013,6027,6075,6109,6129,6132,6134,6138,6155,6165,6172,6182,6186,6197,6223,6228,6236,6255,6259,6261

SVMM_LABEL = 

SVMM_NSV = 

MINSCORE = -1189.8254517547632

MAXSCORE = 4.684352166805213
