* Preferences for SVM Model.
SVMM_DIM = 1

SVMM_NR_CLASS = 2

SVMM_L = 33

SVMM_SV = 1&0.6712598425196851;1&0.0;1&0.0;1&0.0;1&0.0;1&0.0;1&0.0;1&0.0;1&0.0;1&0.0;1&0.0;1&0.0;1&0.0;1&0.0;1&0.0;1&0.0;1&0.0;1&0.0;1&0.0;1&0.0;1&0.0;1&0.0;1&0.0;1&0.0;1&0.0;1&0.0;1&0.0;1&0.0;1&0.0;1&0.0;1&0.0;1&0.0;1&0.0

SVMM_SV_COEF = 1.4336537512704695E-10,0.4599999998566355,1.0,1.0,1.0,1.0,1.0,1.0,1.0,1.0,1.0,1.0,1.0,1.0,1.0,1.0,1.0,1.0,1.0,1.0,1.0,1.0,1.0,1.0,1.0,1.0,1.0,1.0,1.0,1.0,1.0,1.0,1.0

SVMM_RHO = 3.229863598797067E-11

SVMM_PROBA = 

SVMM_PROBB = 

SVMM_SV_INDICES = 23,5024,5058,5074,5142,5150,5181,5249,5305,5314,5371,5438,5474,5518,5530,5536,5578,5606,5690,5706,5791,5841,5868,5882,5907,5924,5956,5987,6027,6172,6197,6223,6261

SVMM_LABEL = 

SVMM_NSV = 

MINSCORE = -6.393678314258643E-7

MAXSCORE = 3.229863598797067E-7
