* Preferences for SVM Model.
SVMM_DIM = 1

SVMM_NR_CLASS = 2

SVMM_L = 32

SVMM_SV = 1&0.3130027860528506;1&0.054249635159745756;1&0.2859865159866366;1&0.23938345012241746;1&0.06547827240601595;1&0.004920820619203261;1&0.0;1&0.04054852676902295;1&0.01741584552482723;1&0.1865811151447903;1&0.02816204937705788;1&0.041284237694933244;1&0.220146418535091;1&0.24107196700155584;1&0.27346736941131067;1&0.25157695415676673;1&0.05826589316512489;1&0.1264699142474642;1&0.12872529036459904;1&0.23410080445768455;1&0.05982174086090239;1&0.04871371196314209;1&0.017898278918866764;1&0.2932109560623786;1&0.2966724156646123;1&0.23235198340429125;1&0.04080180430089371;1&0.27917214429582815;1&0.011337184759929082;1&0.23962466681943725;1&0.23089262238732164;1&0.07080916141015281

SVMM_SV_COEF = 0.46000000000000085,1.0,1.0,1.0,1.0,1.0,1.0,1.0,1.0,1.0,1.0,1.0,1.0,1.0,1.0,1.0,1.0,1.0,1.0,1.0,1.0,1.0,1.0,1.0,1.0,1.0,1.0,1.0,1.0,1.0,1.0,1.0

SVMM_RHO = 1.3969699372351179

SVMM_PROBA = 

SVMM_PROBB = 

SVMM_SV_INDICES = 60,127,430,438,586,803,1058,1192,1211,1276,1288,1374,1592,1722,2152,2782,2837,2906,3013,3059,3324,3491,3619,3690,3989,4105,4206,4214,5135,5548,5855,6201

SVMM_LABEL = 

SVMM_NSV = 

MINSCORE = -30661.530953411973

MAXSCORE = 13969.699372351179
