* Preferences for SVM Model.
SVMM_DIM = 1

SVMM_NR_CLASS = 2

SVMM_L = 32

SVMM_SV = 1&9.80392156862745E-4;1&0.0;1&9.80392156862745E-4;1&0.0;1&9.80392156862745E-4;1&0.0;1&0.0;1&0.0;1&0.0;1&0.0;1&0.0;1&0.0;1&9.80392156862745E-4;1&0.0;1&9.80392156862745E-4;1&0.0;1&0.0;1&0.0;1&0.0;1&0.0;1&0.0;1&0.0;1&0.0;1&0.0;1&0.0;1&9.80392156862745E-4;1&9.80392156862745E-4;1&9.80392156862745E-4;1&0.0;1&0.0;1&9.80392156862745E-4;1&0.0

SVMM_SV_COEF = 0.46000000000000085,1.0,1.0,1.0,1.0,1.0,1.0,1.0,1.0,1.0,1.0,1.0,1.0,1.0,1.0,1.0,1.0,1.0,1.0,1.0,1.0,1.0,1.0,1.0,1.0,1.0,1.0,1.0,1.0,1.0,1.0,1.0

SVMM_RHO = 8.13148787983688E-6

SVMM_PROBA = 

SVMM_PROBB = 

SVMM_SV_INDICES = 622,637,667,1005,1063,1118,1386,1866,2090,2224,2430,2477,2555,2774,2786,2834,3483,3539,3899,3972,4358,4588,4789,4840,4977,5049,5331,5447,5562,5749,5761,6258

SVMM_LABEL = 

SVMM_NSV = 

MINSCORE = -82.85986159178987

MAXSCORE = 0.0813148787983688
