* Preferences for SVM Model.
SVMM_DIM = 1

SVMM_NR_CLASS = 2

SVMM_L = 33

SVMM_SV = 1&0.0;1&0.0;1&0.0;1&0.0;1&0.0;1&0.0;1&0.0;1&0.18627450980392157;1&0.0;1&0.0;1&0.0;1&0.0;1&0.0;1&0.0;1&0.0;1&0.0;1&0.0;1&0.0;1&0.0;1&0.0;1&0.0;1&0.0;1&0.0;1&0.0;1&0.0;1&0.0;1&0.0;1&0.0;1&0.0;1&0.0;1&0.0;1&0.0;1&0.0

SVMM_SV_COEF = 1.0,1.0,1.0,1.0,1.0,1.0,1.0,1.2892600209646332E-8,1.0,1.0,1.0,0.45999998710740064,1.0,1.0,1.0,1.0,1.0,1.0,1.0,1.0,1.0,1.0,1.0,1.0,1.0,1.0,1.0,1.0,1.0,1.0,1.0,1.0,1.0

SVMM_RHO = 2.2367496049779945E-10

SVMM_PROBA = 

SVMM_PROBB = 

SVMM_SV_INDICES = 2,3,5,9,12,13,20,21,22,24,26,6238,6239,6240,6241,6243,6245,6249,6255,6257,6258,6259,6261,6266,6267,6268,6271,6273,6274,6275,6276,6286,6288

SVMM_LABEL = 

SVMM_NSV = 

MINSCORE = -2.177887823652007E-5

MAXSCORE = 2.2367496049779945E-6
