* Preferences for SVM Model.
SVMM_DIM = 1

SVMM_NR_CLASS = 2

SVMM_L = 11

SVMM_SV = 1&0.02021281611995662;1&0.055490938811436116;1&0.04835515458246232;1&0.01046791254734923;1&0.02862172484793235;1&0.053314053094006886;1&0.0494003740785565;1&0.0;1&0.02033855681121607;1&0.06556591169859956;1&0.06319255615107744

SVMM_SV_COEF = 1.0,1.0,1.0,1.0,1.0,1.0,1.0,1.0,1.0,0.08500000000000085,1.0

SVMM_RHO = 0.023273747544735678

SVMM_PROBA = 

SVMM_PROBB = 

SVMM_SV_INDICES = 686,1209,1226,1425,1477,1544,1778,1868,1894,1976,1978

SVMM_LABEL = 

SVMM_NSV = 

MINSCORE = -3316.9344199363886

MAXSCORE = 232.73747544735676
