* Preferences for SVM Model.
SVMM_DIM = 1

SVMM_NR_CLASS = 2

SVMM_L = 13

SVMM_SV = 1&0.16604528558528442;1&0.16708415212909805;1&0.17396596600204917;1&0.14056713230542037;1&0.151199242387571;1&0.16195875293939618;1&0.17134843313306938;1&0.06545271645479417;1&0.0668473296715873;1&0.07505003317136313;1&0.08119665168226335;1&0.0;1&0.002556993933596984

SVMM_SV_COEF = 1.0,1.0,0.7200000000000006,1.0,1.0,1.0,1.0,1.0,1.0,1.0,1.0,1.0,1.0

SVMM_RHO = 0.23912704525515432

SVMM_PROBA = 

SVMM_PROBB = 

SVMM_SV_INDICES = 2209,2211,2230,2261,2291,2370,2396,2474,2477,2500,2521,2532,2538

SVMM_LABEL = 

SVMM_NSV = 

MINSCORE = -11354.351736597653

MAXSCORE = 2391.2704525515433
