* Preferences for SVM Model.
SVMM_DIM = 1

SVMM_NR_CLASS = 2

SVMM_L = 11

SVMM_SV = 1&0.0021085681744724733;1&0.0021085681744724733;1&0.0021085681744724733;1&0.0021085681744724733;1&0.0021085681744724733;1&0.0;1&0.0021085681744724733;1&0.0021085681744724733;1&0.0021085681744724733;1&0.0021085681744724733;1&0.0021085681744724733

SVMM_SV_COEF = 0.08500000000000085,1.0,1.0,1.0,1.0,1.0,1.0,1.0,1.0,1.0,1.0

SVMM_RHO = 4.039245371359354E-5

SVMM_PROBA = 

SVMM_PROBB = 

SVMM_SV_INDICES = 482,542,543,563,564,714,1046,1047,1134,1374,1375

SVMM_LABEL = 

SVMM_NSV = 

MINSCORE = -191.15949411368823

MAXSCORE = 0.4039245371359354
