* Preferences for SVM Model.
SVMM_DIM = 1

SVMM_NR_CLASS = 2

SVMM_L = 13

SVMM_SV = 1&3.084251139004307E-5;1&3.773388502875582E-4;1&3.7396545060427224E-4;1&5.16130151542752E-4;1&3.084251139004307E-5;1&3.084251139004307E-5;1&6.168502278008614E-5;1&2.366198920704867E-4;1&1.715614696071146E-4;1&0.0020047632403528;1&2.009582382757494E-4;1&4.6552915629346266E-4;1&0.006220549015979312

SVMM_SV_COEF = 1.0,1.0,1.0,1.0,1.0,1.0,1.0,1.0,1.0,1.0,1.0,1.0,0.7200000000000006

SVMM_RHO = 5.5859748293301E-5

SVMM_PROBA = 

SVMM_PROBB = 

SVMM_SV_INDICES = 1,2,3,4,5,6,7,8,9,10,11,12,13

SVMM_LABEL = 

SVMM_NSV = 

MINSCORE = -89.24014549196218

MAXSCORE = 0.55859748293301
