* Preferences for SVM Model.
SVMM_DIM = 1

SVMM_NR_CLASS = 2

SVMM_L = 32

SVMM_SV = 1&6.87275616160063E-5;1&5.9408570210446125E-5;1&0.0;1&0.001403090643499654;1&1.4774484290898529E-4;1&2.3530453299039445E-4;1&0.001779344921499146;1&4.3546870255565574E-4;1&0.0;1&5.8437841939033604E-5;1&6.503879418463873E-5;1&0.0;1&9.920842933835938E-5;1&8.367677699575908E-5;1&0.0;1&2.815111987096303E-5;1&1.8909786727115858E-4;1&5.142918381943522E-4;1&5.339005492768851E-5;1&2.6792100290985508E-5;1&8.930700096995168E-6;1&6.484464853035623E-5;1&2.698624594526801E-5;1&1.7531352581710082E-4;1&2.6792100290985508E-5;1&2.634556528613575E-4;1&0.0;1&1.962812564796112E-4;1&0.001633153243824421;1&3.337363797116238E-4;1&1.904568868511361E-4;1&0.002009795813132478

SVMM_SV_COEF = 1.0,1.0,1.0,1.0,1.0,1.0,1.0,1.0,1.0,1.0,1.0,1.0,1.0,1.0,1.0,1.0,1.0,1.0,1.0,1.0,1.0,1.0,1.0,1.0,1.0,1.0,1.0,1.0,1.0,1.0,1.0,0.46000000000000085

SVMM_RHO = 1.827232252871625E-5

SVMM_PROBA = 

SVMM_PROBB = 

SVMM_SV_INDICES = 1,2,3,4,5,6,7,8,9,10,11,12,13,14,15,16,17,18,19,20,21,22,23,24,25,26,27,28,29,30,31,32

SVMM_LABEL = 

SVMM_NSV = 

MINSCORE = -90.73358990214307

MAXSCORE = 0.18272322528716248
