* Preferences for SVM Model.
SVMM_DIM = 1

SVMM_NR_CLASS = 2

SVMM_L = 32

SVMM_SV = 1&0.48467282002000756;1&0.4885063536396587;1&0.4920703639634417;1&0.4956652075188343;1&0.49550219018073427;1&0.49032123461317184;1&0.47252579122011573;1&0.49543994012322595;1&0.4955487804581507;1&0.49547349679485153;1&0.49582900298265314;1&0.4943279012052681;1&0.49551746089796683;1&0.4721522908750656;1&0.49402696108350114;1&0.4958042974910795;1&0.49557796017260775;1&0.4954538491204505;1&0.3396120946025796;1&0.49245913502572436;1&0.4892124054638043;1&0.4948993372800518;1&0.4957382540706918;1&0.0;1&0.4952920962366436;1&0.49535794512560166;1&0.34406336277728633;1&0.4954528764633019;1&0.4765678625324199;1&0.48776159006100017;1&0.49383340231093614;1&0.49564546257871833

SVMM_SV_COEF = 1.0,1.0,1.0,1.0,1.0,1.0,1.0,1.0,1.0,1.0,0.46000000000000085,1.0,1.0,1.0,1.0,1.0,1.0,1.0,1.0,1.0,1.0,1.0,1.0,1.0,1.0,1.0,1.0,1.0,1.0,1.0,1.0,1.0

SVMM_RHO = 7.275082775652408

SVMM_PROBA = 

SVMM_PROBB = 

SVMM_SV_INDICES = 202,611,766,978,1183,1216,1401,1778,2058,2165,2355,2547,2638,2877,2931,3035,3042,3051,3055,3098,3690,3698,4587,4626,5241,5336,5423,5438,5498,5922,6052,6141

SVMM_LABEL = 

SVMM_NSV = 

MINSCORE = -73974.81289626502

MAXSCORE = 72750.82775652409
