* Preferences for SVM Model.
SVMM_DIM = 1

SVMM_NR_CLASS = 2

SVMM_L = 11

SVMM_SV = 1&0.0054499733154833516;1&0.0010085842733218154;1&0.001411113422764154;1&0.001411113422764154;1&0.0010085842733218154;1&0.0010085842733218154;1&0.0010085842733218154;1&0.002912682834167036;1&5.78918327287858E-4;1&0.001411113422764154;1&0.001411113422764154

SVMM_SV_COEF = 1.0,1.0,1.0,1.0,1.0,1.0,1.0,1.0,1.0,1.0,0.08500000000000085

SVMM_RHO = 2.4453461727489414E-5

SVMM_PROBA = 

SVMM_PROBB = 

SVMM_SV_INDICES = 1,2,3,4,5,6,7,8,9,10,11

SVMM_LABEL = 

SVMM_NSV = 

MINSCORE = -173.0474301772543

MAXSCORE = 0.24453461727489414
