* Preferences for SVM Model.
SVMM_DIM = 1

SVMM_NR_CLASS = 2

SVMM_L = 13

SVMM_SV = 1&5.358208713306898E-4;1&0.004101808723261762;1&0.01786298661053465;1&0.033725264552587314;1&0.04216982292172313;1&0.05166270026892137;1&0.055010941445110186;1&0.06376222668078314;1&0.06826557966227001;1&0.026592763067713993;1&0.02760823050070397;1&0.033652987366731876;1&0.0

SVMM_SV_COEF = 1.0,1.0,1.0,1.0,1.0,1.0,1.0,1.0,0.7200000000000006,1.0,1.0,1.0,1.0

SVMM_RHO = 0.02770468218222954

SVMM_PROBA = 

SVMM_PROBB = 

SVMM_SV_INDICES = 1402,1415,1437,1461,1499,1515,1520,1600,1633,1708,1709,1720,2538

SVMM_LABEL = 

SVMM_NSV = 

MINSCORE = -3781.32088184007

MAXSCORE = 277.0468218222954
