* Preferences for SVM Model.
SVMM_DIM = 1

SVMM_NR_CLASS = 2

SVMM_L = 13

SVMM_SV = 1&0.0;1&0.008997774147185061;1&0.1382734043888227;1&0.1450984074180516;1&0.19594127045020418;1&0.24099205717467972;1&0.4026242008691576;1&0.4270786529600045;1&0.4780094800252809;1&0.5055118728028697;1&0.5526848389640054;1&0.5931044222464746;1&0.5988927465927474

SVMM_SV_COEF = 1.0,1.0,1.0,1.0,1.0,1.0,1.0,1.0,1.0,1.0,1.0,1.0,0.7200000000000006

SVMM_RHO = 2.467150136474521

SVMM_PROBA = 

SVMM_PROBB = 

SVMM_SV_INDICES = 106,124,163,164,177,192,271,311,348,371,416,530,580

SVMM_LABEL = 

SVMM_NSV = 

MINSCORE = -16523.690225189934

MAXSCORE = 24671.50136474521
