* Preferences for SVM Model.
SVMM_DIM = 1

SVMM_NR_CLASS = 2

SVMM_L = 26

SVMM_SV = 1&0.0;1&0.0011655011655011655;1&0.0011655011655011655;1&0.002331002331002331;1&0.0;1&0.0;1&0.0011655011655011655;1&0.0034965034965034965;1&0.0011655011655011655;1&0.0034965034965034965;1&0.0011655011655011655;1&0.0011655011655011655;1&0.004662004662004662;1&0.0011655011655011655;1&0.0011655011655011655;1&0.004662004662004662;1&0.0011655011655011655;1&0.0011655011655011655;1&0.004662004662004662;1&1.0;1&0.4324009324009324;1&0.38461538461538464;1&0.38694638694638694;1&0.40093240093240096;1&0.3706293706293706;1&0.6899766899766899

SVMM_SV_COEF = 1.0,1.0,1.0,1.0,1.0,1.0,1.0,1.0,1.0,1.0,1.0,1.0,1.0,1.0,1.0,1.0,1.0,1.0,0.4400000000000013,1.0,1.0,1.0,1.0,1.0,1.0,1.0

SVMM_RHO = 25.4397775554657

SVMM_PROBA = 

SVMM_PROBB = 

SVMM_SV_INDICES = 1,2,3,4,5,6,7,8,9,10,11,12,14,15,16,17,20,21,26,1105,1393,1705,2188,2256,2443,2531

SVMM_LABEL = 

SVMM_NSV = 

MINSCORE = -0.5000981387226489

MAXSCORE = 18.077798324682703
