* Preferences for SVM Model.
SVMM_DIM = 1

SVMM_NR_CLASS = 2

SVMM_L = 11

SVMM_SV = 1&0.4424911351945263;1&0.3300567983182976;1&0.4609267524165392;1&0.44237989947923523;1&0.45231392988971775;1&0.4701434259692263;1&0.0;1&0.3954838299591833;1&0.4617803162726501;1&0.4576282729406637;1&0.41098191625085695

SVMM_SV_COEF = 1.0,1.0,1.0,1.0,1.0,0.08500000000000085,1.0,1.0,1.0,1.0,1.0

SVMM_RHO = 1.8307408652454615

SVMM_PROBA = 

SVMM_PROBB = 

SVMM_SV_INDICES = 387,413,414,419,621,837,994,1576,1683,1878,2003

SVMM_LABEL = 

SVMM_NSV = 

MINSCORE = -20632.641766835928

MAXSCORE = 18307.408652454615
