* Preferences for SVM Model.
SVMM_DIM = 1

SVMM_NR_CLASS = 2

SVMM_L = 13

SVMM_SV = 1&0.013945478866526239;1&0.013868601915773613;1&0.013760974184719938;1&0.0;1&1.537539015052507E-5;1&1.537539015052507E-5;1&1.537539015052507E-5;1&1.537539015052507E-5;1&1.537539015052507E-5;1&0.0;1&0.0;1&0.0;1&0.0

SVMM_SV_COEF = 0.7200000000000006,1.0,1.0,1.0,1.0,1.0,1.0,1.0,1.0,1.0,1.0,1.0,1.0

SVMM_RHO = 5.264027420139458E-4

SVMM_PROBA = 

SVMM_PROBB = 

SVMM_SV_INDICES = 18,63,147,667,741,806,912,1217,1595,2054,2152,2160,2161

SVMM_LABEL = 

SVMM_NSV = 

MINSCORE = -372.2079509313114

MAXSCORE = 5.264027420139457
