* Preferences for SVM Model.
SVMM_DIM = 1

SVMM_NR_CLASS = 2

SVMM_L = 11

SVMM_SV = 1&0.43129589014970915;1&0.2690950700867741;1&0.44941355964527513;1&0.43739868408505767;1&0.44550395728044245;1&0.0;1&0.4626680652236102;1&0.3807571278726042;1&0.4498903404214742;1&0.4482692857823973;1&0.398398016591971

SVMM_SV_COEF = 1.0,1.0,1.0,1.0,1.0,1.0,0.08500000000000085,1.0,1.0,1.0,1.0

SVMM_RHO = 1.7347039267420772

SVMM_PROBA = 

SVMM_PROBB = 

SVMM_SV_INDICES = 387,413,414,419,621,994,1495,1576,1683,1878,2003

SVMM_LABEL = 

SVMM_NSV = 

MINSCORE = -20146.44790717635

MAXSCORE = 17347.039267420772
