* Preferences for SVM Model.
SVMM_DIM = 1

SVMM_NR_CLASS = 2

SVMM_L = 13

SVMM_SV = 1&0.0;1&0.2313909246696279;1&0.2529873235394004;1&0.25732573329760994;1&0.23586129219215138;1&0.2570733369379429;1&0.238674011910259;1&0.23928301303355506;1&0.2469600049278666;1&0.24821746273455017;1&0.2530166140991847;1&0.25662402676485746;1&0.22771446351818708

SVMM_SV_COEF = 1.0,1.0,1.0,0.7200000000000006,1.0,1.0,1.0,1.0,1.0,1.0,1.0,1.0,1.0

SVMM_RHO = 0.7393166367709637

SVMM_PROBA = 

SVMM_PROBB = 

SVMM_SV_INDICES = 1106,1116,1242,1362,1402,1409,1415,1437,1461,1499,1515,1730,2532

SVMM_LABEL = 

SVMM_NSV = 

MINSCORE = -21337.60365530898

MAXSCORE = 7393.166367709637
