* Preferences for SVM Model.
SVMM_DIM = 1

SVMM_NR_CLASS = 2

SVMM_L = 11

SVMM_SV = 1&0.44294794188861986;1&0.3191585956416465;1&0.4582324455205811;1&0.4452179176755448;1&0.45490314769975787;1&0.46973365617433416;1&0.0;1&0.4001210653753027;1&0.4600484261501211;1&0.4555084745762712;1&0.4158595641646489

SVMM_SV_COEF = 1.0,1.0,1.0,1.0,1.0,0.08500000000000085,1.0,1.0,1.0,1.0,1.0

SVMM_RHO = 1.8281681215018033

SVMM_PROBA = 

SVMM_PROBB = 

SVMM_SV_INDICES = 387,413,414,419,621,837,994,1576,1683,1878,2003

SVMM_LABEL = 

SVMM_NSV = 

MINSCORE = -20637.5681796551

MAXSCORE = 18281.68121501803
