* Preferences for SVM Model.
SVMM_DIM = 1

SVMM_NR_CLASS = 2

SVMM_L = 13

SVMM_SV = 1&0.0;1&0.0019040818755206475;1&0.0;1&0.0;1&9.520409377603237E-4;1&0.004194930382006426;1&0.002856122813280971;1&0.0014131857669879805;1&0.0012495537308104248;1&0.005712245626561942;1&0.0;1&0.0;1&0.0

SVMM_SV_COEF = 1.0,1.0,1.0,1.0,1.0,1.0,1.0,1.0,1.0,0.7200000000000006,1.0,1.0,1.0

SVMM_RHO = 9.529586337521324E-5

SVMM_PROBA = 

SVMM_PROBB = 

SVMM_SV_INDICES = 1,4,5,6,7,8,10,11,12,13,952,1183,1946

SVMM_LABEL = 

SVMM_NSV = 

MINSCORE = -165.87436494116162

MAXSCORE = 0.9529586337521324
