* Preferences for SVM Model.
SVMM_DIM = 1

SVMM_NR_CLASS = 2

SVMM_L = 11

SVMM_SV = 1&0.42857505075823865;1&0.2703784910268157;1&0.44925723071300244;1&0.43898806835712123;1&0.4600367835885735;1&0.0;1&0.4628434716355888;1&0.3853412952502743;1&0.44785099644716964;1&0.4494743930113415;1&0.40104207687033

SVMM_SV_COEF = 1.0,1.0,1.0,1.0,1.0,1.0,0.08500000000000085,1.0,1.0,1.0,1.0

SVMM_RHO = 1.7450523000210525

SVMM_PROBA = 

SVMM_PROBB = 

SVMM_SV_INDICES = 387,413,414,419,621,994,1495,1576,1683,1878,2003

SVMM_LABEL = 

SVMM_NSV = 

MINSCORE = -20252.3378109084

MAXSCORE = 17450.523000210524
