* Preferences for SVM Model.
SVMM_DIM = 1

SVMM_NR_CLASS = 2

SVMM_L = 11

SVMM_SV = 1&0.004832376925400181;1&3.020235578375113E-4;1&6.040471156750226E-4;1&6.040471156750226E-4;1&3.020235578375113E-4;1&3.020235578375113E-4;1&3.020235578375113E-4;1&0.0012080942313500453;1&6.040471156750226E-4;1&6.040471156750226E-4;1&6.040471156750226E-4

SVMM_SV_COEF = 1.0,1.0,1.0,1.0,1.0,1.0,1.0,1.0,1.0,1.0,0.08500000000000085

SVMM_RHO = 5.868981109102833E-6

SVMM_PROBA = 

SVMM_PROBB = 

SVMM_SV_INDICES = 1,2,3,4,5,6,7,8,9,10,11

SVMM_LABEL = 

SVMM_NSV = 

MINSCORE = -97.10228874523638

MAXSCORE = 0.05868981109102833
