* Preferences for SVM Model.
SVMM_DIM = 1

SVMM_NR_CLASS = 2

SVMM_L = 13

SVMM_SV = 1&7.027406886858749E-4;1&7.027406886858749E-4;1&7.027406886858749E-4;1&7.027406886858749E-4;1&7.027406886858749E-4;1&0.0014054813773717498;1&0.0014054813773717498;1&7.027406886858749E-4;1&1.0;1&0.8404778636683063;1&0.8334504567814477;1&0.8362614195361912;1&0.6837666900913563

SVMM_SV_COEF = 1.0,1.0,1.0,1.0,1.0,1.0,1.0,1.0,1.0,1.0,1.0,1.0,0.7200000000000006

SVMM_RHO = 12.7196098279953

SVMM_PROBA = 

SVMM_PROBB = 

SVMM_SV_INDICES = 1,2,3,5,6,7,9,11,1105,1705,2188,2443,2531

SVMM_LABEL = 

SVMM_NSV = 

MINSCORE = -1.7251435158804895

MAXSCORE = 4.235831912495769
