* Preferences for SVM Model.
SVMM_DIM = 1

SVMM_NR_CLASS = 2

SVMM_L = 13

SVMM_SV = 1&0.14909554413597775;1&0.14956365590876586;1&0.15206208238475027;1&0.17425516539852814;1&0.10042458638495998;1&0.10542187251496662;1&0.10093382590032356;1&0.10323137296204919;1&0.060226635894970265;1&0.038134666879798405;1&0.07162089749503081;1&0.04720942577313984;1&0.0

SVMM_SV_COEF = 1.0,1.0,1.0,0.7200000000000006,1.0,1.0,1.0,1.0,1.0,1.0,1.0,1.0,1.0

SVMM_RHO = 0.20969662282615906

SVMM_PROBA = 

SVMM_PROBB = 

SVMM_SV_INDICES = 1708,1709,1720,1825,2211,2246,2396,2403,2469,2477,2500,2521,2532

SVMM_LABEL = 

SVMM_NSV = 

MINSCORE = -9936.916624955138

MAXSCORE = 2096.9662282615905
