* Preferences for SVM Model.
SVMM_DIM = 2

SVMM_NR_CLASS = 2

SVMM_L = 11

SVMM_SV = 1&0.43129589014970915,2&0.4640984075522075;1&0.2690950700867741,2&0.38609707256603415;1&0.44941355964527513,2&0.4737293792314294;1&0.43739868408505767,2&0.4655287498808048;1&0.44550395728044245,2&0.47163154381615335;1&0.0,2&0.18499094116525222;1&0.4626680652236102,2&0.48126251549537524;1&0.3807571278726042,2&0.43711261561933823;1&0.4498903404214742,2&0.47487365309430724;1&0.4482692857823973,2&0.4720129684371126;1&0.398398016591971,2&0.4470296557642796

SVMM_SV_COEF = 1.0,1.0,1.0,1.0,1.0,1.0,0.08500000000000085,1.0,1.0,1.0,1.0

SVMM_RHO = 3.8128013627231123

SVMM_PROBA = 

SVMM_PROBB = 

SVMM_SV_INDICES = 387,413,414,419,621,994,1495,1576,1683,1878,2003

SVMM_LABEL = 

SVMM_NSV = 

MINSCORE = -69123.56490434302

MAXSCORE = 60280.164064166805
