* Preferences for SVM Model.
SVMM_DIM = 2

SVMM_NR_CLASS = 2

SVMM_L = 11

SVMM_SV = 1&0.0054499733154833516,2&7.236479091098226E-5;1&0.0010085842733218154,2&4.522799431936391E-6;1&0.001411113422764154,2&9.045598863872782E-6;1&0.001411113422764154,2&9.045598863872782E-6;1&0.0010085842733218154,2&4.522799431936391E-6;1&0.0010085842733218154,2&4.522799431936391E-6;1&0.0010085842733218154,2&4.522799431936391E-6;1&0.002912682834167036,2&1.8091197727745564E-5;1&5.78918327287858E-4,2&9.045598863872782E-6;1&0.001411113422764154,2&9.045598863872782E-6;1&0.001411113422764154,2&9.045598863872782E-6

SVMM_SV_COEF = 1.0,1.0,1.0,1.0,1.0,1.0,1.0,1.0,1.0,1.0,0.08500000000000085

SVMM_RHO = 2.4454777447999733E-5

SVMM_PROBA = 

SVMM_PROBB = 

SVMM_SV_INDICES = 1,2,3,4,5,6,7,8,9,10,11

SVMM_LABEL = 

SVMM_NSV = 

MINSCORE = -346.13841079594226

MAXSCORE = 0.48909554895999463
