* Preferences for SVM Model.
SVMM_DIM = 1

SVMM_NR_CLASS = 2

SVMM_L = 32

SVMM_SV = 1&0.018691588785046728;1&0.07476635514018691;1&0.018691588785046728;1&0.14953271028037382;1&0.018691588785046728;1&0.018691588785046728;1&0.018691588785046728;1&0.018691588785046728;1&0.14018691588785046;1&0.0;1&0.07476635514018691;1&0.018691588785046728;1&0.04672897196261682;1&0.018691588785046728;1&0.018691588785046728;1&0.018691588785046728;1&0.0;1&0.018691588785046728;1&0.14953271028037382;1&0.018691588785046728;1&0.11214953271028037;1&0.0;1&0.07476635514018691;1&0.0;1&0.07476635514018691;1&0.07476635514018691;1&0.018691588785046728;1&0.0;1&0.12149532710280374;1&0.018691588785046728;1&0.018691588785046728;1&0.102803738317757

SVMM_SV_COEF = 1.0,1.0,1.0,0.46000000000000085,1.0,1.0,1.0,1.0,1.0,1.0,1.0,1.0,1.0,1.0,1.0,1.0,1.0,1.0,1.0,1.0,1.0,1.0,1.0,1.0,1.0,1.0,1.0,1.0,1.0,1.0,1.0,1.0

SVMM_RHO = 0.20873088762164116

SVMM_PROBA = 

SVMM_PROBB = 

SVMM_SV_INDICES = 263,367,599,780,786,819,1009,1291,1826,1840,1996,2081,2463,2615,2864,2941,3141,3852,3881,4264,4451,4649,4663,4669,4969,5025,5063,5231,5494,5563,5696,5705

SVMM_LABEL = 

SVMM_NSV = 

MINSCORE = -11871.569628456484

MAXSCORE = 2087.3088762164116
